1 1 0 -0.9 0 0 0 0 0 0 0 0 0 -10 0 10 0 0 0 0 0 30 0 0 30 0 -120 0 0 0 0 0 0 0 0
1 1 -24 -0.648 0 0 0 0 0 0 0 0 0 -10 0 10 0 0 0 0 0 30 0 0 30 0 -120 0 0 0 0 0 0 0 0
1 1 -56 -0.312 0 0 0 0 0 0 0 0 0 -10 0 10 0 0 0 0 0 30 0 0 30 0 -120 0 0 0 0 0 0 0 0
1 1 -84 -0.0180001 0 0 0 0 0 0 0 0 0 -10 0 10 0 0 0 0 0 30 0 0 30 0 -120 0 0 0 0 0 0 0 0
1 1 -108 0.234 0 0 0 0 0 0 0 0 0 -10 0 10 0 0 0 0 0 30 0 0 30 0 -120 0 0 0 0 0 0 0 0
1 1 -144 0.612 0 0 0 0 0 0 0 0 0 -10 0 10 0 0 0 0 0 30 0 0 30 0 -120 0 0 0 0 0 0 0 0
1 1 -180 0.99 0 0 0 0 0 0 0 0 0 -10 0 10 0 0 0 0 0 30 0 0 30 0 -120 0 0 0 0 0 0 0 0
1 1 -180 0.99 0 0 0 0 0 0 0 0 0 -10 0 10 0 0 0 0 0 -26 0 0 30 -120 -120 0 0 0 0 0 0 0 0
1 1 -180 0.99 0 0 0 0 0 12 0 0 0 -10 0 10 0 0 0 0 0 -26 0 0 30 -120 -120 0 0 0 0 0 0 0 0
1 1 -180 0.99 0 0 0 0 0 0 0 0 0 -10 0 10 0 0 0 0 0 -26 0 0 30 -120 -120 0 0 0 0 0 0 0 0
1 1 -180 0.99 0 0 0 0 0 -12 0 0 0 -10 0 10 0 0 0 0 0 -26 0 0 30 -120 -120 0 0 0 0 0 0 0 0
1 1 -180 0.99 0 0 0 0 0 -4 0 0 0 -10 0 10 0 0 0 56 0 -26 -44 4 34 -120 -120 0 0 0 0 0 0 0 0
1 1 -180 0.99 0 0 0 0 0 -4 0 0 0 -10 0 10 0 0 0 -20 0 -26 28 4 34 -120 -120 0 0 0 0 0 0 0 0
1 1 -180 0.99 0 0 0 0 0 8 0 0 0 -10 0 10 0 0 0 68 0 -26 -36 4 34 -120 -120 0 0 0 0 0 0 0 0
